upper image file: 县委书记杂谈9B
C
1
10
51.5
50.5
48
33
22
4.5
0.5
16.5
36
41.5
40.5
37
38
3
0
22.5
31
32
23.5
16.5
18
1.5
3
11
20.5
23.5
27
26.5
7.5
1.5
M
1
10
38.5
34.5
29.5
16.5
16
3.5
0.5
5.5
19.5
25.5
26.5
22.5
25
2
0
15
23
24
15.5
9.5
10
1
5
12.5
22
23
25.5
26.5
5.5
1
Y
1
9.5
43.5
38.5
30.5
16
12.5
3.5
0.5
2.5
10.5
21
24
23
26.5
1.5
0
14
36.5
33.5
22
13
10.5
0.5
5
12
23.5
27.5
32.5
30.5
4.5
1
K
0.5
8.5
40
29.5
15.5
4
6.5
0.5
0
0.5
6
10
12.5
12
21
1.5
0
17.5
25
26
14
7
5.5
0
0.5
2
6
14
18.5
24.5
8.5
1
